area_type_id	district_id	faz_id	zone_id
4	2	2927	3466
4	2	2927	3464
4	2	2927	3465
4	2	2927	3463
4	2	2910	3448
4	2	2927	3449
4	2	2925	3461
4	2	2910	3447
4	2	2925	3460
4	2	2925	3462
4	2	2926	3451
4	2	2925	3457
4	2	2926	3452
4	2	2925	3453
4	2	2925	3459
4	2	2926	3450
4	2	2925	3454
4	2	2925	3456
4	2	2926	3442
4	2	2925	3458
4	1	2935	3355
4	2	2925	3439
4	2	2910	3445
4	2	2925	3455
4	2	2926	3443
4	2	2926	3444
4	2	2926	3441
4	1	2935	3357
4	2	2926	3440
4	2	2926	3438
4	1	2935	3354
4	2	505	3431
4	2	505	3437
4	2	506	3426
4	2	2910	3446
4	2	505	3433
4	2	2926	3423
4	2	505	3428
4	2	505	3429
4	2	405	3436
4	1	2935	3356
4	1	2935	3353
4	2	505	3434
4	2	705	3422
4	2	2910	3421
4	2	506	3424
4	2	505	3430
4	2	506	3425
4	2	505	3432
4	2	706	3420
4	2	505	3427
4	2	405	3435
4	1	2935	3352
4	1	2935	3077
4	1	2936	3076
4	2	705	3412
4	1	2935	3351
4	2	505	3405
4	2	505	3408
4	2	505	3406
4	1	2936	3075
4	2	405	3398
4	2	405	3402
4	1	2935	3350
4	2	405	3400
4	2	506	3410
4	2	506	3409
4	2	706	3419
4	1	2935	3349
4	2	705	3413
4	2	605	3404
4	1	2936	3074
4	2	405	3397
4	2	506	3411
4	2	605	3403
4	2	706	3417
4	2	505	3407
4	2	405	3399
4	2	605	3401
4	2	705	3415
4	2	606	3385
4	2	506	3380
4	1	2936	3073
4	1	110	3060
4	2	706	3418
4	2	605	3390
4	1	110	3061
4	2	505	3382
4	2	606	3386
4	1	2935	3346
4	1	110	3347
4	2	605	3393
4	2	315	3395
4	2	506	3379
4	2	606	3383
4	2	605	3387
4	2	605	3389
4	2	315	3396
4	2	606	3384
4	2	706	3302
4	1	2935	3070
4	2	506	3377
4	2	1120	3378
4	2	605	3391
4	2	606	3381
4	2	315	3392
4	1	2935	3348
4	2	315	3394
4	2	605	3388
4	2	705	3416
4	1	2935	3071
4	2	705	3414
4	1	135	3059
4	2	1120	3376
4	1	135	3067
4	2	605	3368
4	2	315	3366
4	2	315	3364
4	1	206	3054
4	1	206	3345
4	1	135	3064
4	2	315	3362
4	2	706	3305
4	2	606	3374
4	2	606	3373
4	2	606	3372
4	2	606	3371
4	2	605	3370
4	2	605	3369
4	1	135	3066
4	2	706	3303
4	2	1120	3375
4	2	315	3359
4	1	135	3058
4	1	135	3063
4	1	135	3056
4	1	206	3055
4	2	315	3361
4	2	1120	3312
4	2	325	3367
4	2	315	3365
4	2	315	3363
4	1	206	3052
4	2	705	3311
4	1	120	3069
4	2	315	3360
4	1	135	3057
4	2	315	3358
4	1	135	3062
4	2	805	3306
4	1	206	3053
4	1	135	3065
4	2	805	3307
4	2	706	3304
4	2	1115	3322
4	2	1115	3319
4	2	1115	3317
4	2	605	3325
4	2	605	3328
4	1	120	3068
4	2	806	3309
4	2	325	3330
4	2	325	3334
4	2	706	3301
4	2	315	3338
4	1	206	3051
4	2	805	3308
4	2	315	3341
4	2	325	3333
2	5	6900	2080
4	2	1115	3321
4	1	205	3050
4	1	206	3047
4	1	135	3044
4	2	605	3324
4	1	2940	2693
4	2	605	3327
4	2	1120	3313
4	1	120	3040
4	2	706	3300
4	2	1120	3314
4	1	120	3038
4	1	135	3043
4	2	1120	3315
4	1	135	3042
4	2	806	3310
4	1	2935	3344
4	2	325	3337
4	2	325	3340
4	1	135	3041
4	2	325	3332
4	2	1115	3318
4	2	1115	3316
4	1	205	3049
4	2	325	3329
4	1	206	3048
4	1	206	3046
4	2	325	3335
4	2	1115	3320
4	1	120	3039
4	2	1000	3326
4	2	1000	3323
4	2	325	3331
4	2	325	3343
4	1	135	3045
4	1	120	3072
4	1	135	3028
4	1	120	3037
4	2	325	3336
4	2	1120	3292
4	2	325	3339
4	2	325	3342
4	1	205	3017
4	1	135	3026
4	2	805	3297
4	2	706	3299
4	1	120	3035
4	1	206	3024
4	1	120	3036
4	1	206	3022
4	2	1116	3283
4	1	120	3034
4	1	135	3029
4	2	805	3295
4	1	120	3033
4	1	205	3019
4	1	205	3020
4	1	205	3018
4	2	325	3262
4	2	805	3298
2	5	6900	2081
4	2	1116	3280
2	5	3200	2078
4	2	1115	3279
4	1	135	3025
4	2	325	3273
4	2	1120	3286
4	2	325	3275
4	2	1000	3277
4	1	206	3023
4	2	325	3271
4	1	135	3027
4	1	120	3030
4	1	120	3032
4	3	1310	3269
4	3	1310	3267
4	1	120	3031
4	3	1310	3265
4	2	1120	3289
2	5	6900	2079
4	3	1310	3263
4	2	805	3296
4	1	205	3016
4	1	205	3021
4	2	1116	3282
4	2	705	3293
2	5	3200	2076
4	2	806	3294
4	2	1116	3285
4	1	205	3009
4	1	205	3013
4	2	1116	3281
4	1	136	3005
4	2	805	3229
4	2	1120	3287
4	1	120	3004
4	1	205	3010
4	2	806	3228
4	1	205	3012
4	1	205	3011
4	1	136	3006
4	1	136	3008
4	2	1115	3278
4	2	1000	3276
4	2	325	3272
2	5	3200	2075
4	2	325	3270
4	2	1000	3274
4	3	1420	3015
4	2	1120	3291
4	1	136	3007
4	3	1420	3014
4	3	1310	3268
4	2	1116	3284
4	3	1310	3266
4	3	1310	3264
4	3	1310	3261
4	2	1120	3288
2	5	3200	2077
4	2	900	3290
4	1	136	3002
4	2	1116	3237
4	2	1116	3240
4	1	136	3003
4	2	1116	3242
4	2	1116	3236
4	2	1120	3232
4	2	1116	3244
4	1	2940	2690
4	2	1115	3247
4	2	805	3226
4	3	1420	2994
4	3	1420	2995
4	2	1116	3239
4	3	1410	2996
4	1	205	2998
4	1	136	3001
4	3	1330	3251
4	1	136	3000
4	3	1410	2997
4	3	1330	3253
2	5	3200	2074
4	2	1115	3246
4	1	136	2999
4	3	1310	3255
4	2	806	3225
4	3	1310	3257
4	2	900	3231
4	3	1310	3259
4	1	2940	2691
4	2	900	3230
4	2	1116	3235
4	2	1116	3241
4	2	1130	3233
2	5	3200	2072
2	5	3200	2067
4	2	1130	3234
2	5	3200	2070
4	2	900	3220
4	2	806	3227
4	1	1506	2986
4	3	1310	3260
4	2	1116	3238
4	2	1116	3243
4	2	1130	3219
4	2	1000	3249
4	3	1330	3250
4	3	1330	3252
4	2	1000	3248
4	3	1420	2993
4	3	1420	2992
4	3	1410	2991
4	3	1310	3254
4	3	1310	3256
4	3	1410	2990
4	3	1310	3258
4	2	900	3222
4	1	1505	2989
4	2	1130	3245
2	5	6900	2065
4	1	1506	2983
4	1	1506	2981
4	1	2940	2686
2	5	3200	2066
4	2	806	3224
2	5	3200	2069
4	1	1505	2988
4	2	900	3223
4	2	1130	3217
4	1	1506	2985
4	1	1506	2982
4	2	1130	3215
4	1	1505	2987
4	2	1200	3218
4	2	806	3168
4	3	1330	3208
4	3	1330	3206
4	3	1320	3204
4	3	1320	3202
4	2	1000	3210
4	3	1320	3199
4	2	1130	3216
4	3	1320	3197
4	2	900	3221
4	3	1420	2960
4	3	1410	2966
4	3	1420	2964
4	2	806	3167
4	1	1506	2984
4	1	1505	2971
4	3	1330	3209
2	5	3200	2071
4	1	1505	2968
2	5	3200	2073
4	2	1130	3214
2	5	3200	2068
4	3	1320	3201
4	2	1000	3211
4	3	1410	2965
4	2	1200	3174
4	1	1506	2979
4	1	1505	2973
4	2	806	3166
4	3	1330	3207
4	3	1330	3205
4	3	1320	3203
4	3	1320	3198
4	1	1505	2970
4	3	1420	2959
4	1	1506	2975
4	3	1320	3196
4	1	1506	2977
4	3	1320	3195
4	3	1420	2962
4	3	1410	2963
4	2	900	3171
4	2	2000	3213
4	3	1320	3200
4	1	2940	2692
4	2	1000	3212
4	2	900	3170
4	3	1410	2951
4	1	1506	2976
4	2	1200	3172
4	3	1410	2950
4	3	1330	3186
4	2	900	3169
4	3	1420	2961
4	1	1505	2967
4	1	1505	2969
4	3	1420	2958
4	1	1505	2972
2	5	6900	2064
4	1	1506	2974
4	2	1200	3175
4	3	1320	3193
4	3	1320	3192
4	1	1506	2980
4	3	1320	3194
4	2	2000	3180
4	3	1320	3190
4	3	1320	3191
4	2	806	3165
4	2	1200	3173
4	1	1506	2978
4	3	1330	3189
4	1	2215	2753
4	3	1410	2953
4	3	1330	3188
4	3	1410	2957
4	2	1200	3176
2	5	3200	2063
4	3	1410	2955
2	5	3200	2062
4	3	1330	3184
4	3	1410	2922
4	2	2000	3178
4	2	2000	3183
4	3	1410	2928
4	3	1410	2921
4	3	1810	2912
4	1	1505	2947
4	1	1506	2946
4	1	1506	2945
4	3	1330	3185
4	2	806	3162
4	1	1505	2949
4	3	1410	2927
4	3	1410	2956
4	3	1410	2952
4	3	1330	3187
4	3	1410	2954
4	1	1506	2944
4	1	1505	2948
4	2	900	3158
4	2	2000	3179
4	3	1810	2911
4	2	806	3160
4	2	2000	3181
4	3	1710	2930
4	3	1810	2903
4	3	1710	2926
4	3	1710	2920
4	3	1900	2899
4	3	1410	2936
4	3	1710	2918
4	2	900	3156
4	2	1200	3148
4	3	1810	2916
4	2	1200	3141
4	3	1810	2910
4	2	806	3164
4	3	1900	3110
4	2	2000	3182
4	2	2000	3177
4	1	2940	2688
4	3	1810	2901
4	3	1810	2902
4	3	1710	2933
4	3	1810	2907
4	3	1900	2898
4	3	1710	2932
4	3	1900	3116
4	2	1200	3139
4	3	1710	2934
4	3	1810	2915
4	3	1900	3108
4	3	1810	2909
4	3	1710	2929
4	3	1710	2931
4	3	1900	3112
4	3	1710	2925
4	3	1710	2935
4	3	1810	2906
4	1	1505	2940
4	1	1505	2939
4	1	1506	2941
4	2	1200	3136
4	1	1506	2942
4	1	1505	2937
4	3	1900	3109
4	3	1710	2924
4	2	1200	3149
4	2	900	3155
4	2	2000	3132
4	2	2000	3129
4	1	1506	2943
4	3	1710	2923
4	2	2000	3125
4	3	1710	2919
4	3	1900	3115
4	3	1710	2917
4	3	1810	2900
4	2	2000	3122
4	3	1900	3119
4	3	1810	2914
4	3	1900	2897
4	3	1810	2908
4	3	1810	2905
4	1	1505	2938
4	3	1900	3107
4	3	1900	3111
4	2	2000	3131
4	2	1200	3138
4	2	2000	3128
4	3	1810	2913
4	3	1900	3114
4	3	1810	2904
4	2	900	3153
4	2	2000	3124
4	2	1200	3147
4	2	2000	3121
4	2	1200	3144
4	3	1900	3118
4	2	1200	3142
4	3	1710	2843
4	3	1710	2847
2	5	3200	1171
4	3	1710	2852
2	5	3200	2061
4	3	1810	2873
4	3	1810	2857
4	3	1810	2879
4	3	1810	2880
4	3	1810	2858
4	3	1900	2893
4	3	1900	3105
4	3	1605	2822
4	3	1810	2862
4	3	1900	2896
4	3	1810	2867
4	3	1900	3113
4	2	1200	3135
4	3	1710	2839
4	3	1710	2837
4	3	1605	2830
4	3	1710	2835
4	3	1710	2833
4	3	1900	3106
4	3	1605	2827
2	5	6900	2048
4	3	1605	2825
4	3	1810	2872
4	2	2000	3127
4	3	1810	2878
4	2	806	3159
4	3	1810	2885
4	2	806	3163
4	3	1710	2851
4	3	1710	2842
4	3	1710	2831
4	3	1810	2856
4	3	1710	2846
4	2	1200	3151
4	3	1810	2861
4	3	1605	2823
4	2	806	3161
4	3	1810	2866
4	2	2000	3120
4	3	1900	3117
4	3	1820	2871
4	2	1200	3146
4	2	2000	3130
4	3	1820	2877
4	3	1820	2884
4	3	1820	2890
4	2	1200	3137
4	3	1710	2850
4	2	900	3157
4	3	1810	2855
4	2	900	3154
4	2	900	3152
4	3	1810	2860
4	2	2000	3123
4	3	1820	2895
4	3	1820	2892
4	3	1810	2865
4	2	1200	3143
4	3	1820	2889
4	3	1820	2870
4	2	1200	3140
4	3	1900	3104
4	3	1820	2876
4	2	1200	3133
4	3	1820	2883
4	3	1710	2845
4	2	1200	3134
4	3	1710	2849
4	3	1900	3126
4	3	1820	2888
4	1	2940	2689
4	3	1710	2841
4	3	1710	2828
4	3	1810	2854
4	3	1710	2840
4	3	1710	2838
4	3	1710	2836
4	3	1710	2834
4	3	1810	2859
4	2	1200	3145
4	3	1710	2832
4	3	1810	2864
4	3	1710	2829
4	2	1200	3150
4	3	1605	2826
4	3	1820	2887
4	3	1820	2869
4	3	1605	2824
4	3	1820	2875
4	3	1820	2882
4	3	1820	2891
4	3	1900	3103
4	3	1820	2886
4	3	1710	2844
4	3	1710	2848
4	3	1810	2853
2	5	3200	2052
4	3	1810	2863
4	3	1820	2881
4	3	1900	3101
4	3	1820	2868
4	3	1900	3100
4	3	1720	2812
4	3	1820	2874
2	5	3200	2051
4	3	1605	2819
4	3	1710	2809
4	3	1720	2813
4	3	1720	2814
2	4	3110	1157
4	3	1605	2820
4	3	1820	2894
2	4	3110	1156
4	3	1605	2818
4	2	2000	3094
2	4	3030	1150
4	3	1720	2815
4	3	1720	2816
4	3	1605	2821
4	3	1820	2808
4	3	1720	2817
4	3	1720	2810
4	3	1820	2806
4	1	2215	2752
4	3	1820	2807
2	4	3030	1155
4	3	1720	2811
4	3	1900	3099
2	4	3010	1148
4	3	1900	3102
4	3	1820	2804
4	3	1820	2805
4	3	1720	2801
2	5	3200	2057
4	3	1900	3098
4	3	1720	2803
2	4	3120	1158
4	3	1900	3096
4	3	1605	2794
4	3	1605	2793
2	4	3030	1153
2	4	3030	1149
4	3	1820	2783
4	3	1720	2799
4	1	2215	2750
4	3	1605	2795
4	3	1720	2802
4	3	1720	2798
4	3	1720	2797
4	3	1720	2796
2	4	3110	1162
2	4	3110	1163
4	3	1820	2782
4	1	2215	2751
4	3	1720	2784
4	3	1720	2800
2	4	3120	1159
2	5	3200	2054
2	5	6900	2049
4	3	1720	2785
4	3	1605	2792
4	3	1900	3095
4	3	1720	2786
4	3	1720	2787
4	3	1605	2791
4	3	1720	2788
4	3	1720	2789
4	1	2940	2687
4	3	1605	2790
4	3	1720	2781
4	3	1900	3097
2	4	3010	1147
2	4	3030	1154
4	3	1720	2779
2	4	3030	1152
4	3	2100	3093
2	4	3030	1151
2	4	3110	1164
2	4	3010	1146
4	3	1720	2777
4	3	1606	2770
4	3	1720	2776
4	3	1720	2774
4	3	1720	2772
2	4	3120	1161
2	5	3310	2050
2	4	3120	1160
4	3	1720	2778
2	5	3200	2059
4	1	2215	2749
4	3	1606	2768
2	4	3010	1145
4	3	1720	2775
4	3	1720	2773
4	3	1720	2771
4	3	1606	2769
2	5	6900	2047
2	5	3425	2056
2	4	3030	1132
2	5	6900	2018
4	3	2100	3091
4	3	1720	2780
4	1	2215	2747
2	4	3030	1133
4	3	2100	3092
2	4	3010	1136
2	4	3120	1170
2	4	3010	1135
2	4	3120	1169
2	4	3110	1165
4	3	1606	2767
4	3	1606	2765
2	4	3010	1138
4	3	1720	2763
2	4	3030	1130
2	4	3120	1167
4	3	1720	2761
2	4	3120	1168
4	1	2215	2743
2	4	3010	1140
2	5	3425	2053
4	1	2215	2748
4	1	2215	2744
2	4	3010	1141
4	3	1606	2766
4	3	2100	3090
4	3	1900	3084
4	1	2216	2735
4	1	2215	2745
4	1	2215	2746
4	3	1720	2762
4	3	1606	2764
2	4	3120	2060
2	5	3425	2058
2	4	3030	1131
4	3	2100	3088
2	4	3010	1143
4	1	2216	2734
4	3	2100	3089
2	5	3425	2055
2	4	3020	1134
2	4	3010	1144
4	3	1606	2758
4	1	2215	2741
2	4	3020	1137
2	4	3120	1174
2	5	3310	2043
2	4	3010	1139
4	3	1720	2760
4	1	2940	2684
2	4	3030	1129
4	3	2100	3086
2	4	3010	1142
2	4	3120	1166
4	3	2100	3085
4	3	1606	2755
2	5	3310	2045
4	1	2215	2742
4	3	1606	2756
4	3	2100	3087
4	1	2940	2685
4	1	2215	2739
2	4	3120	1173
2	4	3120	1172
2	4	3130	1185
4	1	2216	2736
2	4	3030	1127
2	5	3310	2046
2	4	3010	1122
2	4	3010	1117
2	4	3010	1115
4	3	2100	3083
2	4	3130	1178
2	4	3130	1181
2	4	3020	1124
2	4	3130	1176
4	1	2215	2740
4	3	1606	2759
4	1	2215	2738
2	4	3010	1118
2	4	3010	1120
2	4	3020	1126
2	4	3030	1128
4	1	2215	2737
2	4	3130	1175
2	5	3425	2039
4	3	2100	3081
2	4	3130	1179
2	4	3130	1182
2	5	3310	2041
2	5	3425	1188
2	5	3425	2037
4	1	2215	2726
2	5	3425	1187
4	3	2100	3082
2	4	3130	1186
2	4	3030	1100
2	4	3010	1121
4	3	2100	3079
4	3	2100	3080
2	4	3020	1123
2	4	3010	1113
4	1	2216	2732
2	4	3030	1099
2	4	3130	1183
4	3	1606	2757
2	4	3010	1114
4	1	2216	2717
2	4	3010	1116
2	4	3010	1119
2	4	3020	1125
2	4	3130	1177
4	3	1606	2754
4	1	2215	2730
2	4	3130	1180
2	5	3310	2042
2	4	3130	1184
4	1	2215	2727
2	4	3030	1097
2	4	3130	1192
4	1	2215	2729
2	5	3310	2044
2	5	3425	1189
4	1	2216	2731
2	5	3425	1190
2	5	3310	2040
2	5	3425	1191
4	1	2215	2728
2	4	3010	1112
2	4	3020	1103
2	4	3020	1104
2	4	3020	1105
2	4	3020	1106
2	4	3045	1107
2	5	3426	1200
2	4	3045	1108
2	4	3010	1111
2	4	3010	1109
2	4	3030	1101
2	4	3030	1102
2	5	3425	2038
2	4	3130	1196
4	1	2940	2681
2	5	3425	2036
4	1	2216	2733
2	4	3130	1197
4	1	2225	2725
4	3	2100	3078
4	1	2225	2724
2	5	3425	1206
2	5	3425	1203
2	5	3425	1201
4	1	2216	2720
2	4	3020	1092
4	1	2940	2682
2	4	3130	1194
4	1	2216	2719
4	1	2216	2718
2	4	3045	1087
2	4	3020	1088
2	4	3130	1098
2	4	3020	1089
2	4	3130	1198
2	5	3310	2021
4	1	2225	2723
2	5	3310	2025
4	1	2216	2716
2	4	3130	1193
2	4	3010	1110
2	5	6900	2019
2	4	3030	1095
4	1	2225	2721
2	5	3426	1207
2	5	3426	1204
2	4	3030	1096
2	5	3310	2028
2	4	3020	1091
2	5	3310	2031
4	1	2940	2683
4	1	2225	2722
2	5	3310	2023
2	5	3310	2032
2	5	3425	2035
2	5	3310	2020
2	4	3130	1195
2	5	3425	1209
2	4	3130	1199
2	5	3426	1202
4	1	2225	2711
2	4	3030	1094
2	4	3020	1093
2	4	3045	1084
2	4	3020	1090
4	1	2225	2710
2	5	3426	1205
2	4	3130	1218
2	5	3426	1208
2	4	3045	1083
4	1	2225	2709
2	4	3045	1085
4	1	2225	2712
4	1	2216	2713
2	5	3320	2027
2	4	3030	1075
2	5	3320	2030
4	1	2216	2715
2	4	3130	1219
2	5	3427	2034
2	4	3130	1220
2	4	3130	1216
2	4	3030	1077
2	4	3045	1086
2	4	3045	1079
2	4	3045	1081
4	1	2216	2714
2	4	3130	1217
2	5	3427	1212
2	5	3505	1215
2	5	3310	2024
2	5	3427	1211
2	10	6930	2088
2	5	3310	2022
2	5	3426	1214
2	5	3320	2026
2	5	3427	2033
2	4	3045	1082
2	5	3426	1213
4	1	2940	2680
2	5	3427	1210
2	5	3320	2029
2	4	3030	1076
2	4	3045	1078
2	4	3045	1080
4	1	2225	2707
4	1	2225	2708
2	5	3426	1228
2	5	3427	2007
2	5	3320	2011
2	5	3505	1221
2	5	3505	1222
2	5	3320	2013
2	5	3426	1230
2	5	3426	1226
4	1	2940	2678
2	5	3320	2009
2	5	3505	1223
2	4	3045	1071
2	5	3427	1232
2	5	3320	2008
2	5	3505	1072
4	1	2216	2704
2	4	3045	1069
2	5	6900	2017
2	4	3045	1070
2	5	3505	1074
2	5	3427	1233
2	5	3310	2016
2	5	3427	1234
4	1	2225	2706
2	5	3426	1231
2	5	3426	1229
2	5	3505	1225
2	5	3505	1073
2	5	3320	2010
2	5	3320	2012
2	5	3505	1224
2	5	3505	1227
4	1	2940	2679
2	5	3505	1253
2	5	3320	2014
2	4	3046	1061
2	4	3046	1064
2	5	3505	1258
2	5	3505	1257
2	5	3505	1254
4	1	2225	2705
2	4	3045	1068
2	5	3426	1240
2	5	3426	1242
2	5	3505	1244
2	5	3505	1245
2	5	3505	1247
2	5	3320	2015
2	5	3505	1249
4	1	2940	2673
2	5	3320	2006
2	5	3600	1059
2	5	3427	1237
2	5	3427	1238
2	5	3427	1239
2	5	3600	1058
2	5	3320	1235
2	7	3330	2002
4	1	2225	2700
2	5	3505	1054
4	1	2216	2677
2	5	3505	1255
2	5	3505	1259
2	5	3505	1251
2	4	3046	1063
2	4	3046	1066
2	5	3426	1241
2	5	3427	1236
2	5	3426	1243
2	5	3505	1246
2	5	3320	2005
2	5	3505	1248
2	10	6930	2087
2	5	3600	1056
2	5	3600	1055
2	5	3505	1250
2	5	3600	1053
2	4	3046	1060
4	1	2225	2698
2	5	3505	1256
2	5	3505	1252
2	5	3505	1260
2	7	6910	1997
4	1	2225	2699
4	1	2225	2703
4	1	2225	2701
4	1	2225	2702
2	4	3046	1067
2	5	3320	2004
2	5	3320	1279
2	5	3600	1057
2	5	3505	1261
2	5	3413	1272
4	1	2940	2675
2	5	3414	1270
2	5	3414	1266
4	1	2940	2674
2	4	3046	1062
4	1	2216	2676
2	5	3600	1046
2	5	3600	1043
2	4	3046	1065
2	5	3414	1265
2	5	3600	1048
2	5	3413	1278
2	5	3413	1277
2	5	3413	1275
2	5	3413	1276
2	5	3414	1268
2	5	3414	1269
2	5	3505	1263
2	5	3505	1264
2	5	3413	1274
2	5	3505	1262
2	5	3600	1050
2	5	3413	1273
2	5	3600	1044
4	1	2216	2672
2	5	3414	1271
2	5	3414	1267
2	10	6930	2086
4	1	2225	2695
2	5	3320	1280
2	6	3046	1041
2	7	3330	2003
4	1	2216	2694
2	6	3046	1039
4	1	2225	2697
4	1	2225	2696
2	6	3046	1037
2	6	3046	1042
4	1	2216	2671
4	1	2940	2670
2	5	3414	1300
2	5	3600	1051
2	5	3600	1045
2	5	3414	1297
2	5	3414	1290
2	5	3414	1293
4	1	2940	2669
2	5	3600	1049
2	5	3600	1047
2	5	3413	1283
2	6	3046	1040
2	6	3046	1038
2	5	3600	1052
2	5	3505	1303
2	5	3413	1285
2	5	3413	1286
2	5	3320	1281
2	5	3413	1282
2	6	3705	1031
2	5	3414	1298
2	5	3414	1291
2	5	3414	1294
2	5	3414	1301
2	6	3705	1030
2	6	3705	1033
2	5	3600	1028
2	7	3330	2001
2	6	3706	1035
3	19	9016	3679
3	19	9016	3680
2	7	3330	1321
2	5	3415	1304
2	5	3413	1284
2	5	3600	1027
2	5	3415	1287
2	7	6506	1999
2	5	3415	1295
2	6	3706	1036
2	5	3415	1302
2	5	3600	1023
2	5	3600	1024
2	5	3600	1025
2	6	3705	1029
2	5	3600	1026
2	7	3330	1319
2	6	3705	1032
2	5	3415	1299
2	6	3706	1034
2	5	3600	1022
2	5	3415	1292
3	19	9004	3681
2	5	3415	1289
2	6	3705	1010
2	5	3415	1288
2	5	3415	1296
2	5	3415	1305
2	6	3705	1014
2	6	3706	1005
3	19	9004	3672
2	6	3705	1008
2	6	3705	1007
3	19	9016	3678
2	7	3330	2000
2	5	3600	1017
2	7	3330	1318
2	5	3600	1016
2	6	3705	1012
3	19	9004	3673
2	7	3330	1320
2	6	3706	1006
2	6	3705	1009
2	7	3330	1322
2	5	3415	1310
2	5	3600	1015
2	5	3600	1019
2	5	3415	1307
2	5	3600	1018
2	5	3600	1021
2	5	3415	1308
2	10	6930	2085
2	5	3413	1317
2	5	3413	1316
2	5	3415	1312
2	5	3415	1306
2	7	3330	1323
2	5	3416	1314
2	10	6930	2084
2	5	3416	1315
2	5	3600	1020
2	6	3706	1002
2	6	3706	1004
2	6	3705	1013
2	6	3705	1011
2	5	3415	1311
2	5	3415	1309
2	5	3416	1329
2	6	3706	996
2	5	3415	1313
3	19	9004	3674
2	7	4230	1325
2	6	4110	970
3	19	9016	3677
3	19	9004	3671
3	19	9016	3675
2	5	3416	1328
2	5	3416	1336
2	6	4110	1345
2	6	3706	1003
2	7	3330	1324
2	5	3600	977
2	6	4110	966
2	6	4110	1340
2	6	4110	968
2	6	3705	982
2	6	3900	972
2	7	6506	1998
2	6	3705	981
2	6	3900	974
2	6	3815	1001
3	19	9016	3676
2	6	4110	1346
2	5	3416	1327
2	5	3416	1332
2	5	3416	1330
2	6	3705	983
2	5	3416	1337
2	7	6910	1996
2	6	4110	1341
2	6	3706	990
2	6	4110	969
2	6	4110	1344
2	5	3413	1326
2	6	3705	980
2	6	3705	979
2	5	3600	976
2	6	3706	985
2	6	4110	1347
2	6	3815	999
2	6	3815	998
2	6	4110	1333
2	5	3416	1338
2	6	3900	971
2	6	4110	1342
2	6	3900	973
2	7	4230	1375
2	6	4110	1334
2	6	3705	987
2	5	3416	1331
2	6	4110	967
2	6	4110	965
2	6	3905	978
2	6	3905	975
2	6	3705	989
2	6	3815	993
3	19	9016	3667
3	19	9004	3670
2	6	4110	1348
2	7	4230	1372
2	7	4230	1366
2	6	3815	997
2	6	4110	1343
2	7	4230	1374
2	7	3330	1377
2	6	3815	1000
2	6	3815	995
2	6	3815	992
2	6	4110	1339
2	6	3705	950
2	6	3705	986
2	6	3905	952
2	6	3705	988
2	6	4110	1335
2	6	4110	964
2	7	4230	1367
2	6	3705	984
2	6	3900	954
2	6	3905	953
2	6	4110	959
2	6	3815	991
2	6	3815	994
2	9	6910	1990
2	6	4130	1349
2	6	3900	955
2	7	4210	1362
3	19	9004	3669
2	6	4110	960
2	6	3815	941
2	6	3705	951
2	6	4110	963
2	7	3330	1378
2	6	3705	949
3	19	9015	3663
2	6	4110	1357
2	6	3705	948
2	6	3815	940
2	6	4130	1350
2	6	3815	943
2	7	6506	1991
2	7	4210	1363
2	7	4230	1376
2	6	4110	958
2	6	3825	946
2	7	4230	1368
2	6	4110	1358
2	7	4230	1373
2	6	3705	928
2	6	3825	947
2	7	4230	1371
2	6	4130	1351
2	6	3815	944
2	6	4130	962
2	6	3900	921
2	6	3905	925
3	19	9004	3668
2	6	4130	1352
2	6	3825	945
2	7	4230	1370
2	6	3705	930
2	6	3705	932
2	6	3815	942
2	6	4130	957
2	6	4130	961
2	6	3815	939
2	6	4130	1354
3	19	9016	3666
2	7	4210	1359
2	6	3705	927
2	6	3705	926
2	6	3900	920
2	7	4210	1361
2	10	6930	2083
2	6	3905	923
2	6	4130	1353
2	6	4005	956
2	7	4230	1369
2	7	4210	1365
2	6	3905	924
2	7	4210	1360
2	7	4210	1364
2	6	3815	937
2	6	4130	1356
2	6	3815	938
2	6	4130	1355
2	6	3705	931
2	6	3825	933
2	6	4005	917
2	6	3825	934
2	6	3815	935
2	6	4005	919
2	6	3705	929
2	6	4005	918
2	10	6930	2082
2	7	4210	1386
2	6	3905	922
2	6	3815	936
2	6	4130	915
2	7	6506	1989
2	6	3825	904
3	19	9004	3653
2	7	3330	1379
2	6	4120	1397
2	6	4120	1405
2	6	4120	1401
2	7	4230	1383
2	7	4210	1387
2	7	4300	1382
3	19	9015	3661
2	7	4230	1384
2	6	4005	916
2	6	4130	1409
2	7	4210	1394
2	6	4130	1410
2	6	4120	1406
3	19	9015	3664
2	6	3816	895
2	6	3825	902
2	7	4210	1390
2	6	3905	906
2	6	4005	911
2	7	4210	1391
2	6	4005	909
2	6	3825	901
2	6	3816	892
2	6	3905	907
2	6	3825	899
2	6	3816	893
2	6	4120	1398
3	19	9015	3662
2	6	3825	897
2	6	3816	896
2	6	4120	1402
3	19	9004	3654
2	6	4130	1412
2	6	4005	910
2	6	3905	908
2	6	3825	903
2	10	5915	858
2	6	3816	894
2	6	4005	912
2	6	4130	914
2	6	3825	900
2	6	4130	1411
2	6	4005	913
2	7	4210	1395
3	19	9016	3665
2	6	3905	905
2	6	4130	1413
2	6	3825	898
2	7	4210	1388
2	7	4210	1392
2	6	4120	1399
2	10	5915	857
2	6	3825	882
2	10	5915	855
2	10	5715	840
2	6	3905	877
2	6	3825	881
2	6	3905	878
2	6	3816	888
2	6	3816	887
2	10	5715	841
2	6	3816	886
2	10	5915	856
2	6	3816	889
2	6	3816	890
2	6	4005	876
2	6	4120	1407
2	7	4225	1385
2	6	4120	1403
2	6	3816	891
2	9	6910	1993
2	6	4005	875
2	7	4210	1389
2	7	4300	1381
2	6	3825	884
2	6	4130	1414
2	10	5915	852
2	10	5715	839
2	6	3825	879
2	6	4120	1404
2	7	4210	1396
2	10	5915	853
2	6	3816	866
2	6	3816	868
2	7	4210	1393
2	7	6506	1987
2	6	3816	864
2	6	3816	862
2	6	3825	880
2	10	5915	851
2	6	3816	869
2	10	5915	842
2	6	3825	885
2	6	4130	1415
2	10	5915	844
2	10	5715	837
2	10	5715	836
2	6	4120	1408
2	6	4120	1400
2	6	3825	883
2	7	6505	1981
2	10	5715	835
2	6	3816	860
2	10	5915	847
2	10	5915	843
2	6	3816	859
2	10	5715	838
2	7	3330	1380
2	10	5915	854
3	19	9002	3656
2	7	6505	1984
2	6	3816	867
2	6	3816	865
2	6	3816	863
2	7	6506	1988
2	6	3816	861
2	10	5915	850
3	19	9002	3658
2	10	5915	849
3	19	9002	3655
3	19	9002	3657
2	6	3825	871
2	6	4130	1416
2	6	3825	870
3	19	9004	3634
2	10	5715	833
2	6	3825	872
2	10	5915	845
3	19	9004	3652
2	10	5715	834
2	7	4300	1435
2	6	3905	873
2	10	5716	832
2	7	4225	1432
2	7	4300	1434
2	7	4226	1421
3	19	9004	3651
2	10	5716	829
2	10	5815	826
2	10	5716	831
2	7	4225	1427
2	10	5915	848
2	10	5915	822
2	10	5915	846
2	7	4300	1437
2	10	5716	828
2	10	5716	830
2	7	6505	1985
2	6	3905	874
3	19	9015	3659
2	10	5716	797
2	10	5715	788
2	10	5815	827
2	10	5915	817
2	10	5815	825
2	10	5915	820
2	7	4226	1425
2	10	5815	824
2	10	5715	790
3	19	9004	3650
2	7	4226	1418
2	10	5915	823
2	10	5715	794
2	10	5715	792
2	7	4226	1422
2	10	5716	801
2	10	5716	799
2	7	4225	1433
3	19	9002	3649
2	10	5716	796
2	10	5716	802
2	10	5915	821
2	10	5915	818
2	10	5915	819
2	7	4300	1438
2	7	4300	1439
2	10	5915	816
2	8	4400	1480
2	7	4225	1429
2	10	5815	806
2	10	5815	805
2	10	5716	803
2	7	4226	1423
2	10	5715	787
3	19	9002	3642
3	19	9002	3645
2	10	5715	789
2	7	4300	1436
2	10	5716	795
2	10	5716	800
2	10	5715	791
2	10	5715	793
3	19	9015	3660
2	8	4400	1481
2	7	4225	1431
3	19	9002	3647
2	7	4226	1426
2	7	4300	1440
2	10	5716	798
2	10	5916	812
2	10	5916	814
2	10	5916	813
2	7	6505	1983
2	7	4607	1978
2	10	5815	804
2	9	6910	1992
2	10	5916	815
2	10	5815	808
2	10	5815	807
2	10	5815	809
2	10	5916	811
2	7	4226	1417
3	19	9004	3632
2	7	4607	1971
2	7	4226	1419
2	10	5716	782
2	10	5715	786
2	7	4607	1975
2	10	5716	781
2	10	5715	783
2	10	5715	784
2	7	4300	1441
2	10	5715	785
2	10	5916	810
2	10	5916	777
2	7	4225	1428
3	19	9002	3648
2	10	5916	772
2	8	4505	1430
2	7	4300	1443
2	7	4300	1442
2	10	5916	771
2	10	5815	780
2	7	4607	1979
2	10	5916	774
2	10	5916	773
2	7	4300	1447
2	9	6910	1986
2	10	5916	770
2	10	5916	775
2	10	5716	752
2	10	5716	755
2	8	4400	1482
3	19	9005	3633
2	10	5720	750
2	10	5815	778
2	10	5720	746
2	7	4607	1977
2	10	5720	748
2	7	4226	1424
2	10	5916	776
2	7	4226	1420
2	10	5720	745
2	10	5815	779
2	10	5716	753
3	19	9002	3640
3	19	9002	3641
2	8	4505	1458
2	7	4605	1970
2	7	4605	1444
2	7	4225	1449
2	8	4505	1455
2	7	4300	1448
3	19	9002	3646
3	19	9015	3639
2	7	6505	1980
2	8	4400	1486
2	7	4225	1453
3	19	9002	3643
2	8	4505	1456
3	19	9002	3644
2	10	5815	762
2	8	4400	1485
2	10	5916	768
2	10	5916	767
2	10	5916	766
2	10	5716	756
2	7	4225	1451
2	8	4400	1483
2	10	5716	751
2	10	5720	749
2	10	5815	758
2	10	5716	757
2	7	4607	1974
2	10	5720	747
2	10	5916	765
2	10	5916	763
2	10	5720	744
2	10	5815	761
2	7	4605	1446
2	10	5815	760
2	7	4226	1461
2	8	4505	1454
2	10	5916	764
2	8	4400	1484
2	10	5720	743
2	10	5716	754
2	7	4605	1969
2	7	6505	1982
2	10	5815	759
2	10	5916	769
2	10	5916	721
2	7	4605	1445
2	10	5916	718
2	10	5720	739
2	10	5916	719
3	19	9902	3630
2	10	5720	734
2	10	5720	737
3	19	9902	3629
2	7	4226	1460
2	10	5916	722
2	10	5720	741
2	7	4226	1459
3	19	9005	3561
2	8	4505	1457
2	10	5916	720
2	10	5916	723
3	19	9901	3631
3	19	9015	3638
2	10	5916	724
2	10	5825	727
2	10	5716	729
2	10	5716	730
2	10	5720	742
2	8	4505	1473
2	7	4605	1967
2	10	5825	725
2	10	5826	731
2	10	5720	733
2	10	5720	736
2	8	4400	1487
3	19	9901	3564
2	7	4225	1452
3	19	9902	3626
2	8	4505	1467
2	8	4505	1477
2	7	4605	1973
2	10	5825	728
2	10	5720	738
2	10	5720	740
2	8	4506	1450
2	10	5720	732
2	10	5925	713
3	19	9902	3628
2	8	4400	1488
2	10	5825	726
2	8	4505	1469
2	7	6505	1950
2	10	5720	735
2	10	5825	704
2	8	4505	1474
2	10	5925	716
3	19	9902	3625
2	10	5826	703
2	10	5826	702
2	10	5925	715
2	7	4605	1968
2	8	4400	1489
3	19	9002	3636
2	10	5925	710
2	10	5925	709
2	10	5826	699
2	10	5925	711
2	8	4506	1465
3	19	9902	3627
2	10	5720	694
2	10	5925	717
2	7	4607	1951
2	7	4225	1479
2	8	4810	1462
2	10	5825	708
2	7	4226	1464
2	10	5720	698
2	8	4505	1478
2	8	4506	1472
3	19	9902	3611
3	19	9902	3609
2	10	5720	697
3	19	9901	3607
2	10	5720	696
2	10	5925	712
2	7	4605	1976
2	10	5826	701
2	10	5826	700
2	10	5720	695
2	10	5825	707
3	19	9902	3619
3	19	9902	3616
2	10	5825	706
2	10	5825	705
2	8	4400	1490
2	10	5925	714
3	19	9015	3637
3	19	9902	3612
3	19	9902	3623
3	19	9902	3621
2	8	4506	1475
3	19	9902	3618
2	8	4506	1470
2	7	4605	1972
2	8	4400	1491
3	19	9902	3615
2	10	5826	686
2	8	4506	1518
3	19	9904	3592
3	19	9902	3608
2	7	4605	1966
2	8	4506	1468
2	10	5720	687
3	19	9902	3622
2	10	5720	688
3	19	9902	3620
2	7	4226	1463
2	10	5825	672
3	19	9902	3617
2	10	5720	689
3	19	9902	3614
3	19	9902	3613
2	7	4605	1965
2	8	4506	1466
3	19	9902	3610
2	7	6505	1949
2	10	5720	692
2	10	5925	668
2	8	4506	1476
2	8	4506	1471
2	10	5925	664
2	10	5925	667
2	10	5925	666
2	10	5925	665
2	10	5825	670
2	10	5825	671
2	10	5720	690
2	7	4606	1964
2	10	5825	673
2	8	4400	1493
3	19	9904	3591
3	19	9902	3624
3	19	9902	3597
3	19	9904	3594
2	8	4506	1514
2	8	4400	1495
3	19	9902	3604
3	19	9902	3599
2	8	4400	1492
3	19	9902	3602
2	10	5825	669
2	8	4506	1511
3	19	9904	3589
2	7	4607	1955
2	10	5720	684
3	19	9902	3595
2	10	5720	683
2	8	4810	1502
2	10	5720	682
3	19	9904	3590
3	19	9904	3593
2	8	4506	1519
2	10	5826	685
2	10	5925	659
2	10	5925	663
2	7	4605	1958
2	10	5925	661
2	10	5925	658
3	19	9902	3605
2	7	6505	1947
2	8	4400	1498
2	10	5720	693
2	10	5825	655
3	19	9902	3606
3	19	9902	3596
2	8	4506	1517
3	19	9902	3601
2	10	5925	660
3	19	9902	3603
2	8	4506	1509
2	10	5925	662
2	10	5826	675
2	10	5720	691
2	10	5720	681
2	10	5825	657
2	8	4506	1512
2	10	5825	656
2	8	4810	1499
2	7	4605	1962
3	19	9015	3635
2	8	4400	1494
3	19	9902	3598
2	8	5010	1506
2	10	5720	680
3	19	9904	3585
3	19	9904	3587
3	19	9914	3700
2	10	5720	679
2	10	5825	654
2	10	5925	643
2	10	5925	645
2	8	4506	1515
2	10	5925	647
2	10	5826	674
3	19	9904	3583
2	8	5020	1522
3	19	9904	3588
3	19	9005	3562
2	8	4810	1503
2	10	5825	652
2	10	5925	646
2	10	5825	653
2	10	5925	648
2	8	4810	1505
2	10	5925	649
2	10	5720	677
3	19	9900	3582
3	19	9902	3600
2	10	5825	650
2	10	5925	641
2	8	5010	1510
2	10	5720	678
2	8	4506	1513
2	10	5925	642
2	10	5925	644
2	7	4607	1952
2	8	5020	1520
2	8	4810	1501
3	19	9904	3584
2	7	4607	1954
3	19	9904	3586
2	8	4506	1516
2	7	4607	1957
2	8	4810	1500
2	10	5825	651
2	8	4810	1504
2	8	5010	1507
2	10	5925	637
2	8	4400	1497
2	10	5825	630
2	10	6114	638
2	7	4606	1961
2	10	6114	639
2	10	5825	634
2	10	5825	635
3	19	9901	3565
3	19	9901	3567
2	7	6505	1948
2	10	5825	633
2	8	5010	1508
2	10	5925	636
2	8	5010	1529
2	10	6114	640
3	19	9900	3581
2	11	5825	631
2	10	6114	624
2	11	5825	632
3	19	9904	3577
3	19	9904	3578
3	19	9900	3580
3	19	9916	3576
2	11	6010	629
3	19	9900	3579
2	10	6114	623
2	10	6114	622
2	8	5020	1525
2	8	5020	1521
2	8	5010	1527
2	10	6114	625
2	10	6114	626
2	11	6010	627
2	8	5020	1523
2	8	4810	1535
2	8	4810	1538
2	10	6114	621
2	11	6010	628
3	19	9902	3568
2	8	5010	1531
2	7	4607	1945
2	8	4400	1496
3	19	9017	3563
3	19	9914	3699
2	10	6114	620
2	10	6114	619
2	11	6010	614
2	10	6114	618
2	10	6114	617
2	10	6114	616
2	11	6010	615
2	10	5720	676
2	11	6010	613
2	11	6010	611
2	11	6010	610
2	11	6010	612
2	8	4810	1537
3	19	9900	3570
2	8	4810	1540
2	11	6010	545
3	19	9900	3572
2	11	6010	540
2	11	6010	541
2	12	6114	595
2	11	6010	546
2	12	6114	597
2	12	6114	599
2	11	6010	542
2	11	6010	478
2	8	4810	1534
2	12	6114	601
2	9	6910	1994
2	11	6010	533
2	12	6113	608
2	9	6606	1946
2	11	6010	534
2	12	6113	603
2	12	6114	593
2	11	6010	543
2	12	6113	609
2	11	6010	535
2	12	6113	605
2	8	5020	1526
2	11	6010	544
2	11	6010	536
2	8	5010	1528
2	11	6010	526
2	8	5010	1530
2	8	4810	1539
2	11	6010	537
2	7	4607	1953
2	8	4810	1536
2	8	5020	1524
2	8	5010	1532
2	11	6010	527
2	7	4606	1959
2	8	5010	1533
2	12	6113	607
2	11	6010	538
2	11	6010	528
3	19	9005	3560
3	19	9904	3574
2	11	6010	529
2	12	6113	578
3	19	9904	3573
3	19	9916	3575
2	7	4607	1956
2	11	6010	518
2	12	6114	594
2	11	6010	539
2	12	6114	596
2	12	6114	598
2	11	6010	530
2	12	6114	600
2	11	6010	519
2	7	4606	1963
2	12	6113	606
2	12	6113	602
2	12	6114	592
2	11	6010	531
2	11	6010	520
2	12	6113	604
2	12	6113	580
3	19	9900	3569
2	11	6010	532
2	11	6010	521
2	12	6113	577
2	11	6010	522
2	11	6010	508
3	19	9900	3571
2	12	6113	582
2	11	6010	509
2	11	6010	523
2	12	6113	579
2	11	6010	510
2	12	6114	591
2	11	6010	524
2	7	4606	1960
2	12	6113	583
2	12	6113	572
2	11	6010	511
2	8	5020	1573
2	11	6010	525
2	11	6010	512
3	19	9017	3566
2	11	6010	513
2	12	6113	573
2	12	6113	581
2	11	6010	498
2	11	6010	479
2	12	6113	584
2	11	6010	499
2	11	6010	514
2	12	6114	589
2	12	6114	588
2	8	4900	1553
2	12	6114	587
2	8	4900	1550
2	12	6114	586
2	8	4900	1547
2	12	6114	590
2	8	4900	1544
2	11	6010	515
2	12	6113	575
2	11	6010	500
3	19	9914	3697
2	8	5100	1542
2	7	4607	1944
2	8	5020	1571
2	12	6113	585
2	8	5020	1569
2	11	6020	480
2	12	6113	571
2	8	5020	1566
2	11	6010	501
2	11	6010	516
2	8	5010	1564
2	12	6113	576
2	8	5010	1562
2	11	6010	502
2	11	6020	481
2	8	5010	1560
2	11	6010	517
2	8	5010	1558
2	8	5010	1556
2	11	6020	467
2	11	6010	503
3	19	9914	3698
2	12	6113	574
2	11	6020	482
2	8	4820	1543
2	11	6020	449
2	11	6010	504
2	11	6020	468
2	12	6114	417
2	11	6020	483
2	11	6010	505
2	12	6113	570
2	11	6020	457
2	11	6020	492
2	11	6020	469
2	11	6010	506
2	12	6113	566
2	11	6020	484
2	11	6020	458
2	8	4900	1554
2	11	6020	470
2	8	4900	1551
2	12	6113	569
3	19	9915	3551
2	8	4900	1548
2	12	6114	564
2	12	6113	567
2	8	5100	1541
2	12	6113	568
2	11	6010	507
2	8	4900	1545
2	11	6020	493
2	11	6020	485
2	12	6114	561
2	11	6020	459
2	12	6113	565
2	12	6114	562
2	11	6020	471
2	11	6020	450
2	11	6020	494
2	11	6020	486
2	11	6020	460
2	12	6114	563
2	11	6020	472
2	11	6020	451
2	11	6020	487
2	11	6020	461
2	12	6114	560
2	11	6020	473
2	12	6113	548
2	11	6020	495
2	11	6020	452
2	11	6020	488
2	11	6020	462
2	12	6113	552
2	12	6114	556
2	11	6020	474
2	12	6113	550
2	11	6020	496
2	11	6020	453
2	11	6020	489
2	11	6020	463
2	8	5020	1572
2	11	6020	475
2	8	5010	1561
2	8	5205	1559
2	11	6020	454
2	11	6020	497
2	12	6113	554
2	7	4606	1939
2	11	6020	446
2	12	6113	553
2	11	6020	490
2	11	6020	445
2	11	6020	464
2	8	4900	1552
2	8	4900	1555
2	8	4900	1549
2	8	4900	1546
2	12	6113	547
2	11	6020	476
2	12	6114	559
2	11	6020	491
2	12	6114	558
2	7	4606	1942
2	11	6020	465
3	19	9916	3543
2	11	6020	477
2	8	5020	1574
2	11	6020	447
2	8	5010	1563
2	11	6020	455
2	11	6020	456
2	11	6020	448
2	11	6020	466
2	8	5205	1557
3	19	9916	3545
2	12	6113	549
3	19	9915	3547
2	12	6113	551
2	12	6114	557
3	19	9915	3549
2	12	6114	555
2	8	5010	1565
2	8	5020	1570
2	12	6123	439
2	8	5100	1592
2	7	4607	1943
2	8	5020	1567
2	12	6123	441
2	12	6113	429
2	12	6123	431
2	12	6123	433
2	12	6123	435
2	12	6123	437
2	12	6114	421
2	12	6114	418
2	8	5020	1568
2	12	6123	443
2	8	5020	1576
2	12	6123	438
2	12	6113	425
2	12	6113	426
3	19	9006	3559
2	12	6114	419
2	12	6114	423
2	12	6113	427
2	12	6125	444
2	12	6114	422
2	12	6114	424
2	8	5020	1575
2	8	5205	1585
2	12	6126	347
2	7	4606	1936
2	8	5205	1582
2	12	6123	436
2	12	6114	420
2	12	6123	430
2	12	6123	434
2	12	6123	442
2	12	6123	432
2	8	4820	1588
2	12	6123	440
2	9	5426	1922
2	8	5205	1586
2	8	5205	1580
2	8	4820	1589
2	8	5100	1594
2	12	6113	428
2	8	4820	1590
2	8	4820	1591
2	8	5100	1595
2	8	5205	1587
2	12	6115	414
2	12	6115	409
2	8	5020	1577
2	12	6115	408
2	12	6115	413
3	19	9913	3694
2	8	5020	1578
2	8	5205	1583
2	8	5100	1593
3	19	9017	3555
2	12	6123	402
2	12	6124	400
2	12	6124	398
2	9	5415	1579
2	8	5205	1581
2	12	6123	406
3	19	9006	3556
2	12	6125	394
2	7	4606	1938
2	12	6115	412
2	12	6115	410
3	19	9915	3553
2	12	6115	407
2	12	6115	415
3	19	9017	3554
2	8	5205	1584
2	12	6123	403
2	12	6115	411
2	7	4606	1941
2	12	6125	390
3	19	9915	3550
2	12	6125	395
2	7	4606	1937
2	12	6115	416
2	12	6124	396
2	12	6123	401
2	9	5415	1614
2	12	6124	397
3	19	9916	3544
2	12	6124	399
3	19	9915	3546
3	19	9915	3548
2	9	5415	1618
3	19	9916	3542
3	19	9915	3552
2	12	6123	405
2	12	6115	380
2	9	5415	1620
2	9	5415	1612
2	12	6115	378
2	12	6123	404
2	12	6115	375
2	8	4820	1604
2	8	5100	1599
2	8	5100	1596
2	12	6126	392
2	12	6115	372
2	9	5415	1622
2	12	6115	377
3	19	9913	3693
3	19	9914	3695
2	8	4820	1605
2	12	6123	384
2	8	5100	1601
2	12	6123	381
2	12	6123	382
2	8	4820	1602
2	9	6606	1920
2	12	6115	374
2	12	6123	385
2	12	6124	387
2	12	6124	386
2	12	6124	388
2	9	5205	1611
2	9	5415	1615
2	9	5205	1610
2	9	5415	1619
2	12	6115	379
2	8	5205	1609
2	7	4606	1935
3	19	9914	3696
2	12	6126	393
2	8	5205	1608
2	12	6125	391
3	19	9006	3557
3	19	9913	3691
2	12	6115	376
2	8	5205	1606
2	12	6123	383
2	12	6125	389
2	7	4606	1940
2	9	5415	1613
2	12	6115	366
2	9	6910	1995
2	9	5415	1621
2	9	5415	1617
2	12	6115	365
2	12	6124	358
2	12	6115	367
2	12	6115	369
3	19	9915	3538
2	12	6124	357
2	12	6115	373
2	9	5426	1923
2	12	6115	370
2	12	6125	351
2	12	6126	348
2	9	5415	1616
2	8	5205	1607
2	12	6115	362
3	19	9915	3535
2	12	6115	371
2	12	6124	355
2	12	6115	363
2	12	6124	354
2	12	6124	353
2	12	6124	359
2	9	5305	1603
2	12	6126	349
2	12	6115	364
2	8	5100	1597
2	12	6124	356
3	19	9915	3539
2	13	6213	315
2	12	6124	352
3	19	9913	3692
3	19	9916	3540
2	8	5100	1598
2	12	6125	350
2	12	6115	368
3	19	9916	3541
3	19	9915	3536
3	19	9913	3690
2	9	5415	1623
2	9	5415	1624
3	19	9018	3524
2	12	6126	346
2	9	5426	1924
2	9	5426	1921
2	8	5100	1600
3	19	9018	3527
3	19	9018	3532
2	9	5415	1626
2	7	4606	1934
2	9	5415	1628
2	7	4606	1933
2	12	6115	360
2	12	6124	338
2	9	5415	1625
2	13	6214	303
2	12	6115	361
2	13	6213	318
2	12	6124	340
2	9	5305	1635
2	9	5305	1633
2	12	6124	337
2	9	5305	1632
2	13	6213	321
3	19	9915	3537
2	12	6126	345
2	9	5205	1630
2	9	5205	1631
2	12	6126	344
2	9	5426	1925
2	13	6214	306
2	12	6124	339
3	19	9018	3534
2	13	6213	324
3	19	9018	3526
2	12	6125	343
2	12	6125	342
2	13	6216	299
2	9	5305	1637
2	13	6213	314
2	12	6124	341
2	13	6213	312
2	13	6316	327
2	13	6316	329
2	13	6215	310
2	9	5425	1627
2	13	6214	301
2	9	5426	1927
2	13	6215	308
2	13	6213	317
3	19	9006	3521
2	13	6214	305
2	9	5425	1629
2	12	6124	336
2	13	6213	320
2	13	6214	302
2	9	5426	1648
2	9	5305	1636
2	13	6213	323
3	19	9018	3523
2	13	6316	326
2	9	5305	1634
3	19	9914	3689
3	19	9018	3533
2	12	6125	334
3	19	9018	3531
2	12	6126	333
2	13	6215	307
2	13	6215	309
2	13	6213	311
2	13	6215	304
2	13	6213	313
2	13	6213	316
2	13	6216	298
2	13	6216	300
2	9	5426	1649
2	9	5425	1647
2	13	6216	297
2	12	6125	335
2	13	6316	325
2	13	6316	328
2	13	6213	319
2	13	6213	322
3	19	9006	3558
2	9	5426	1926
2	9	5426	1930
2	9	5305	1638
3	19	9006	3522
3	19	9018	3525
2	13	6216	202
2	13	6316	330
2	9	5425	1644
2	13	6316	259
2	9	5425	1643
2	9	5425	1645
2	9	5426	1928
2	9	5305	1640
2	9	5305	1639
2	9	5305	1642
2	13	6216	296
2	13	6216	293
2	13	6216	291
2	13	6213	270
2	13	6215	286
2	9	5305	1641
3	19	9018	3529
2	13	6215	284
2	13	6215	282
2	13	6215	280
2	13	6316	255
2	13	6215	278
2	13	6215	287
3	19	9018	3530
2	13	6213	275
2	13	6316	265
2	13	6215	289
2	13	6213	273
2	13	6213	272
3	19	9009	3509
2	13	6316	263
2	13	6213	268
2	13	6213	267
2	9	6606	1919
2	13	6316	257
2	13	6316	266
2	13	6213	269
2	13	6316	261
2	9	5426	1931
2	13	6216	294
3	19	9018	3528
2	9	5426	1915
2	12	6126	331
2	9	5425	1646
2	13	6216	295
3	19	9009	3512
2	13	6216	292
2	13	6215	285
2	13	6216	290
2	13	6215	283
2	13	6215	281
2	13	6215	279
2	9	5426	1916
2	13	6215	277
2	13	6316	258
2	9	5425	1653
2	13	6215	276
3	19	9914	3688
2	13	6224	271
2	13	6316	253
2	13	6316	256
2	13	6215	288
2	13	6224	274
2	13	6316	252
2	13	6316	264
2	13	6316	262
2	13	6316	260
2	9	5426	1929
2	9	5425	1651
2	9	5425	1659
2	13	6316	254
2	13	6224	230
2	13	6224	232
2	9	5425	1660
2	9	5426	1932
2	9	5305	1663
2	9	5425	1658
2	9	5425	1650
2	9	5425	1657
2	13	6216	205
2	13	6216	207
2	9	5305	1661
2	13	6215	219
2	13	6216	209
2	13	6216	211
2	13	6215	213
2	9	5305	1662
2	13	6215	215
3	19	9914	3686
2	13	6215	223
2	13	6224	228
2	13	6215	225
2	9	5425	1654
2	13	6224	229
2	13	6215	221
2	13	6224	226
2	13	6215	217
2	13	6316	234
2	13	6316	236
2	13	6316	250
2	13	6316	238
2	9	5425	1652
2	13	6316	248
2	13	6316	240
2	13	6316	242
2	13	6316	244
2	13	6316	246
3	19	9018	3514
2	9	5425	1656
2	9	5425	1655
3	19	9006	3519
2	9	5305	1666
2	9	5305	1664
2	13	6216	204
2	13	6216	201
2	13	6216	203
2	13	6216	206
3	19	9018	3515
2	13	6215	218
2	13	6216	208
2	13	6216	210
2	13	6215	212
2	13	6215	214
2	13	6224	227
2	13	6224	222
2	13	6224	220
2	13	6224	224
2	13	6224	231
2	9	5425	1674
2	13	6215	216
2	9	5425	1670
2	13	6316	233
2	13	6316	235
2	13	6316	237
2	13	6316	239
2	13	6316	241
2	13	6316	243
2	13	6316	245
2	13	6316	247
2	13	6316	249
2	9	5306	1692
2	13	6316	251
2	9	5425	1676
3	19	9914	3687
2	9	5305	1669
2	9	5305	1668
2	9	5425	1672
2	9	5426	1910
2	13	6226	200
2	12	6126	332
2	13	6226	198
2	13	6226	196
2	13	6226	194
2	9	5306	1665
2	9	5425	1673
2	13	6226	192
2	13	6224	176
2	13	6226	190
2	13	6226	188
2	13	6226	186
2	9	5425	1671
2	13	6226	184
2	13	6226	182
2	13	6224	180
2	13	6224	177
2	9	5306	1667
2	9	5425	1675
2	13	6224	173
2	9	5426	1912
2	13	6316	169
2	13	6224	171
2	13	6316	167
2	9	5426	1917
2	13	6316	165
2	13	6316	163
2	13	6316	161
2	13	6316	159
2	13	6316	157
2	9	5426	1911
2	13	6316	155
2	13	6316	154
2	13	6224	175
2	9	5426	1909
2	9	5425	1685
2	13	6224	174
2	13	6216	105
2	9	5426	1913
2	13	6226	199
2	13	6226	197
2	13	6226	195
2	9	5425	1678
2	13	6226	193
2	13	6226	191
2	13	6224	179
2	13	6224	178
2	13	6226	189
2	13	6226	187
2	13	6226	185
3	19	9006	3520
2	13	6226	183
2	13	6226	181
2	9	5425	1677
2	9	5306	1690
2	13	6224	172
2	13	6224	170
2	13	6325	168
2	13	6325	166
2	13	6325	164
2	13	6325	162
2	13	6325	160
2	13	6325	158
2	13	6325	156
2	9	5425	1679
2	9	5306	1691
2	13	6325	153
2	9	5305	1686
2	9	5305	1687
2	9	5305	1688
2	9	5305	1689
2	9	5425	1683
2	13	6316	152
2	9	5425	1684
3	19	9909	3517
2	13	6226	109
3	19	9009	3511
2	13	6226	121
2	13	6226	111
2	13	6226	113
2	13	6226	117
2	13	6226	115
2	9	5426	1914
2	13	6226	119
2	13	6224	126
2	13	6224	128
2	13	6224	124
2	13	6224	130
2	13	6224	132
2	13	6224	134
2	13	6325	136
2	13	6226	122
2	13	6226	106
2	13	6325	138
2	13	6325	140
2	13	6325	142
2	13	6325	144
2	13	6325	146
2	13	6325	148
2	13	6325	150
2	13	6226	107
2	9	5425	1681
2	9	5425	1682
2	13	6226	114
2	13	6226	118
2	13	6226	108
2	13	6226	110
2	13	6226	112
2	13	6226	116
2	9	5425	1680
2	13	6226	120
2	13	6224	123
2	13	6224	125
2	13	6224	127
2	13	6224	129
2	13	6224	131
2	13	6224	133
2	13	6325	135
2	13	6325	137
2	13	6325	139
2	13	6325	141
2	13	6325	143
2	9	5306	1694
2	13	6325	145
2	13	6325	147
3	19	9009	3510
2	13	6325	149
2	9	5425	1702
2	9	5306	1693
2	13	6226	102
3	19	9009	3508
3	19	9018	3513
2	9	5305	1700
2	9	5305	1697
2	13	6226	99
2	13	6226	103
2	9	4706	1905
2	13	6226	98
2	13	6226	97
2	13	6325	88
2	13	6225	96
2	13	6226	104
2	13	6225	95
2	13	6226	100
2	13	6225	94
2	9	6606	1896
2	13	6226	101
2	13	6325	151
2	9	5425	1707
2	13	6325	87
2	13	6325	90
2	13	6325	89
2	9	4706	1908
2	9	5425	1709
2	13	6225	93
2	13	6225	92
2	13	6325	91
3	19	9909	3516
2	9	5305	1699
2	13	6325	86
2	9	5425	1706
2	9	5305	1698
2	13	6325	85
2	13	6325	82
2	9	5305	1701
2	9	5306	1695
2	9	5425	1704
2	13	6226	64
2	9	5306	1696
2	13	6226	66
2	9	6605	1918
2	13	6225	68
2	13	6225	70
2	13	6225	72
2	13	6225	74
3	19	9908	3518
2	13	6223	56
2	13	6226	61
2	13	6325	81
2	9	5425	1710
2	9	5425	1708
2	9	5425	1705
2	9	5425	1703
2	13	6225	76
3	19	9914	3683
2	13	6325	83
2	13	6225	78
2	13	6325	80
2	13	6226	57
2	13	6226	58
2	9	5515	1722
3	19	9019	3506
2	13	6325	79
2	9	5515	1721
2	9	5305	1715
2	13	6225	75
2	13	6225	77
2	13	6225	73
2	9	5545	1714
2	13	6223	59
2	9	4706	1902
2	9	5515	1720
2	13	6223	63
2	13	6325	84
2	9	5545	1712
2	13	6225	65
2	13	6325	39
2	13	6223	62
2	13	6225	67
2	13	6225	69
2	13	6223	60
2	13	6225	71
2	9	5306	1717
2	9	4706	1904
2	9	4706	1900
2	13	6325	41
2	9	5306	1718
2	9	5545	1711
2	9	5306	1719
2	13	6326	44
2	13	6223	21
2	9	4706	1907
2	9	5425	1716
2	13	6223	54
2	13	6223	55
2	13	6325	42
2	13	6326	45
2	13	6325	43
2	9	5545	1713
2	13	6223	53
2	13	6223	52
3	19	9914	3685
2	13	6223	50
2	13	6225	49
2	13	6225	48
2	13	6223	51
2	13	6225	47
2	13	6225	46
2	9	5306	1733
3	19	9914	3682
2	9	5545	1740
2	9	5545	1736
2	9	5306	1731
2	9	5306	1729
2	9	5515	1727
2	9	5515	1724
2	13	6326	33
2	13	6326	30
3	19	9009	3499
2	13	6223	22
2	13	6223	23
2	9	5545	1741
2	13	6223	24
2	9	5515	1723
3	19	9914	3684
2	13	6223	25
2	13	6326	26
3	19	9019	3507
2	13	6325	40
2	13	6326	38
2	13	6326	35
2	13	6326	37
2	13	6326	27
2	13	6326	29
2	9	5545	1739
2	13	6326	31
2	9	5545	1745
2	13	6326	28
2	9	5545	1738
2	9	5545	1735
2	9	5306	1734
2	9	5515	1730
2	9	5515	1732
2	9	5515	1728
2	9	4706	1899
3	19	9909	3497
2	13	6326	32
2	13	6326	34
2	13	6326	36
2	9	5545	1737
2	13	6223	20
2	9	5515	1725
2	9	4706	1901
2	9	6605	1898
2	13	6223	16
2	13	6223	14
2	13	6223	12
2	9	4706	1903
2	13	6223	18
2	9	6605	1897
3	19	9909	3498
2	9	4706	1906
2	9	5545	1743
2	9	5545	1742
2	9	5545	1746
2	13	6326	8
2	9	5515	1726
2	13	6326	4
2	13	6326	7
2	9	5545	1748
2	13	6223	11
2	13	6326	1
2	9	5515	1751
2	9	5306	1750
2	9	5515	1756
2	9	5515	1752
2	9	5515	1753
2	13	6326	2
2	13	6326	10
2	13	6223	19
2	13	6223	17
2	13	6223	15
2	13	6223	13
2	13	6326	5
2	13	6326	9
3	19	9011	3500
2	9	6606	1895
2	9	5525	1747
2	13	6326	3
2	9	5545	1744
3	19	9011	3502
2	9	5525	1749
2	13	6326	6
2	9	5535	1754
2	9	5535	1755
3	19	9019	3503
2	9	5525	1771
3	19	9019	3504
2	9	5535	1763
2	9	5535	1765
2	14	6420	1870
2	9	5525	1774
3	19	9019	3505
2	14	6410	1880
2	14	6420	1868
2	9	5525	1770
2	14	6420	1872
2	14	6410	1876
2	14	6410	1878
2	9	5546	1788
2	9	4706	1886
2	14	6410	1874
2	9	4706	1888
2	9	4706	1889
2	14	6420	1866
2	9	5525	1767
2	9	5546	1786
2	9	5525	1778
2	9	5525	1779
2	9	4706	1892
3	19	9011	3501
2	9	5546	1780
2	14	6410	1882
2	9	5546	1782
2	14	6420	1869
2	9	5546	1784
2	14	6420	1867
2	9	5535	1757
2	14	6410	1879
2	9	5535	1761
2	9	5535	1766
2	14	6420	1871
2	14	6410	1873
2	14	6410	1875
2	9	5535	1764
2	14	6410	1877
2	9	5525	1772
2	9	5535	1759
2	9	4706	1885
3	19	9011	3492
3	19	9011	3494
2	9	5525	1776
3	19	9908	3496
2	9	5546	1781
3	19	9011	3491
2	9	5546	1789
2	14	6420	1865
2	9	5525	1775
3	19	9909	3495
2	9	5535	1762
2	9	5546	1787
2	14	6420	1858
2	14	6420	1859
2	14	6420	1855
2	9	5525	1769
2	14	6410	1853
2	14	6410	1851
2	14	6410	1849
2	14	6410	1847
2	14	6410	1881
2	14	6420	1861
2	9	5600	1773
2	14	6420	1864
2	9	5600	1803
2	14	6410	1845
2	9	5535	1806
2	9	5535	1760
2	9	5525	1777
2	9	5546	1884
2	9	5546	1785
2	9	5546	1794
2	9	5535	1758
2	9	5546	1783
2	9	6605	1894
2	14	6410	1843
2	14	6420	1857
2	9	5600	1768
2	9	4706	1891
3	19	9019	3493
2	14	6410	1852
2	9	5600	1798
3	19	9011	3490
2	14	6420	1860
2	14	6420	1862
2	9	5546	1793
2	9	5600	1795
2	14	6420	1854
2	9	5535	1812
2	14	6410	1848
2	14	6410	1850
2	14	6410	1846
2	9	6605	1893
3	19	9019	3488
2	14	6420	1856
2	14	6410	1844
2	9	5600	1801
2	9	5535	1807
2	9	5535	1809
2	9	5600	1804
2	9	5600	1796
2	9	4706	1887
2	9	5600	1799
2	14	6420	1863
2	9	4706	1890
3	19	9020	3486
3	19	9019	3479
3	19	9019	3489
2	14	6410	1842
2	9	5546	1790
2	9	5535	1813
3	19	9019	3480
2	9	5546	1883
2	9	5546	1791
3	19	9020	3487
2	9	5535	1811
2	14	6420	1822
2	14	6420	1818
2	14	6420	1826
2	14	6420	1824
2	14	6420	1828
2	14	6410	1830
2	14	6410	1832
2	14	6410	1834
2	14	6410	1836
2	14	6420	1820
2	9	5546	1792
2	14	6410	1837
2	14	6410	1841
2	14	6420	1816
2	9	5600	1802
2	9	5600	1805
2	14	6420	1817
2	9	5600	1800
2	9	5535	1808
2	9	5600	1797
2	9	5535	1810
2	14	6410	1840
2	9	5535	1815
2	9	5535	1814
2	14	6410	1838
2	14	6420	1819
2	14	6420	1821
2	14	6420	1825
2	14	6420	1827
2	14	6420	1823
2	14	6410	1829
2	14	6410	1831
2	14	6410	1833
2	14	6410	1835
2	14	6410	1839
1	16	7435	2556
1	16	7316	2664
1	16	7315	2661
3	19	9019	3478
1	16	7315	2659
1	16	7316	2668
1	15	7100	2656
1	15	7100	2654
1	15	7100	2653
1	15	7100	2651
1	15	7100	2648
1	16	7415	2559
1	15	7015	2647
1	16	7415	2561
1	16	7316	2662
1	16	7316	2667
1	16	7435	2555
1	16	7316	2666
3	19	9019	3483
1	15	7015	2640
1	16	7316	2665
1	15	7015	2644
1	16	7415	2558
1	16	7435	2551
1	16	7435	2553
1	15	7015	2642
1	16	7316	2663
1	15	7015	2641
1	16	7415	2565
1	15	7100	2652
1	16	7315	2660
1	15	7100	2650
1	16	7315	2658
1	15	7100	2657
1	15	7100	2655
1	15	7100	2649
3	19	9019	3481
1	15	7015	2646
1	15	7015	2643
1	15	7015	2645
1	16	7435	2549
3	19	9020	3484
1	16	7316	2608
1	16	7415	2563
3	19	9019	3476
1	16	7315	2614
1	15	7100	2619
1	15	7100	2621
1	15	7100	2617
1	16	7316	2611
1	15	7015	2639
1	15	7015	2633
1	15	7015	2626
1	15	7100	2623
3	19	9019	3477
1	16	7316	2612
1	15	7015	2629
1	16	7415	2560
1	15	7015	2632
1	16	7415	2557
1	15	7100	2625
1	16	7316	2609
1	16	7435	2554
1	16	7315	2616
1	15	7025	2635
1	16	7415	2564
1	16	7435	2552
1	16	7320	2566
1	16	7315	2613
1	15	7100	2618
1	15	7100	2620
1	15	7100	2624
1	15	7025	2631
1	15	7025	2628
1	15	7100	2622
1	15	7025	2627
3	19	9020	3485
1	16	7316	2607
1	16	7316	2610
1	16	7435	2550
1	16	8910	2365
3	19	9019	3482
1	16	7315	2615
1	15	7025	2636
1	15	7025	2634
1	15	7025	2637
1	15	7206	2597
1	16	7415	2562
1	15	7025	2630
1	15	7025	2588
1	16	7436	2542
1	16	7315	2600
1	15	7206	2594
1	15	7206	2591
1	16	7315	2603
1	16	7315	2601
1	16	8910	2443
1	16	7316	2606
1	15	7025	2638
1	16	7320	2532
3	19	9019	3475
1	16	7436	2544
1	16	7425	2539
1	16	7320	2533
1	15	7206	2596
1	16	8910	2548
1	16	7320	2529
1	16	7320	2537
1	15	7025	2586
1	16	7320	2567
1	15	7025	2584
1	15	7206	2593
1	16	7316	2605
1	16	7315	2604
1	15	7025	2583
1	16	7315	2599
1	15	7205	2587
1	16	7315	2602
1	15	7025	2585
1	15	7206	2590
1	16	7425	2540
1	15	7205	2589
1	16	7320	2531
1	15	7206	2598
1	15	7206	2595
1	15	7206	2592
1	16	7436	2541
1	16	7436	2545
1	16	7320	2536
1	16	7436	2546
1	16	7320	2528
1	16	7320	2568
1	16	7315	2569
1	16	7436	2543
1	15	7206	2572
1	15	7206	2573
1	15	7206	2571
1	15	7206	2574
1	15	7206	2575
1	15	7206	2576
1	15	7205	2578
1	15	7205	2579
1	16	7425	2538
3	19	9020	3472
1	15	7205	2580
1	15	7205	2577
1	18	8600	2547
1	15	7515	2570
1	16	7320	2534
1	16	7320	2535
1	15	7026	2581
1	15	7515	2523
1	16	7320	2525
1	15	7206	2518
1	15	7206	2515
1	15	7205	2506
1	15	7205	2511
3	19	9019	3473
1	15	7205	2509
1	15	7515	2520
3	19	9019	3474
1	16	7320	2530
1	16	7436	2450
1	15	7206	2517
1	16	7425	2459
1	16	7436	2447
1	18	7605	2446
1	16	7320	2526
1	16	7335	2473
1	16	7425	2458
1	15	7205	2510
1	16	7320	2527
1	16	7425	2464
1	15	7206	2514
1	15	7026	2505
1	16	7335	2472
1	15	7515	2522
1	16	7425	2452
1	15	7026	2582
1	18	8600	2445
1	18	8600	2444
1	16	7436	2449
1	16	7320	2524
1	15	7205	2508
1	15	7205	2513
1	15	7515	2519
1	16	7425	2457
1	15	7515	2516
1	16	7335	2471
1	15	7515	2521
1	15	7026	2503
1	16	7335	2470
1	15	7205	2512
1	15	7205	2507
1	16	7425	2463
1	18	8600	2442
1	15	7026	2504
1	16	7436	2437
1	18	8600	2441
1	16	7335	2480
1	16	7436	2448
1	15	7535	2489
1	16	7335	2476
1	16	7425	2451
1	15	7535	2491
1	16	7335	2467
3	19	9020	3471
1	15	7026	2502
1	15	7525	2496
1	16	7425	2455
1	16	7335	2479
1	15	7535	2487
1	18	7605	2380
1	18	8905	2368
1	18	8600	2440
1	15	7535	2485
1	15	7525	2499
3	19	9020	3470
1	16	7425	2456
1	16	7425	2462
3	19	9020	3469
1	15	7535	2490
1	16	7335	2468
1	15	7525	2495
1	15	7525	2494
1	15	7535	2488
1	18	7605	2438
1	15	7525	2501
1	16	7335	2475
1	16	7436	2436
1	18	8600	2373
1	16	7335	2469
1	16	7425	2461
1	15	7535	2483
1	15	7525	2493
1	16	7425	2453
1	15	7535	2484
1	15	7525	2498
1	16	8910	2366
1	16	7335	2478
1	18	8600	2371
1	18	8600	2439
1	16	7335	2465
1	16	7425	2435
1	15	7535	2486
1	15	7525	2492
1	16	7425	2454
1	16	7335	2466
1	16	7425	2460
1	15	7525	2500
1	15	7535	2481
1	15	7535	2482
1	15	7526	2497
1	16	7335	2474
1	16	7335	2477
1	15	7525	2412
1	18	8600	2376
1	16	7425	2434
1	15	7537	2413
1	16	7340	2431
1	18	8905	2367
1	15	7526	2411
1	16	7340	2432
1	16	7335	2425
1	18	8905	2369
1	15	7535	2418
1	16	7340	2428
1	16	7335	2423
1	16	7340	2427
1	15	8115	2419
1	15	8115	2421
1	15	8115	2417
1	16	7340	2430
1	18	8600	2372
1	18	7605	2378
1	16	7340	2433
1	15	7526	2408
1	15	7537	2414
1	16	7335	2424
1	15	8115	2420
1	15	7526	2409
1	15	8115	2422
1	15	7537	2415
1	15	7526	2410
1	15	8115	2416
1	16	7340	2426
1	16	7340	2386
1	16	7340	2429
1	18	8906	2375
3	19	9020	3467
1	18	7605	2381
1	18	8906	2377
1	16	7340	2387
1	16	7340	2385
1	15	7537	2400
1	17	8115	2396
1	15	7526	2407
1	16	7335	2390
1	17	8115	2393
1	18	7605	2379
1	17	8115	2395
1	16	7340	2389
1	15	7537	2403
1	15	7537	2402
1	16	8910	2363
1	18	7605	2382
1	18	7700	2357
1	15	7526	2406
1	18	8905	2370
1	17	8115	2392
1	17	8115	2394
1	15	7537	2399
1	18	7700	2354
1	18	7700	2355
1	16	7340	2388
1	18	7806	2343
1	16	7340	2384
3	19	9020	3468
1	15	7537	2401
1	17	8115	2391
1	18	8906	2374
1	18	7700	2353
1	15	7537	2404
1	15	7537	2398
1	18	7700	2356
1	15	7526	2405
1	15	7537	2397
1	16	7340	2383
1	18	7700	2352
1	17	8125	2328
1	18	8905	2362
1	18	7700	2350
1	17	8126	2329
1	18	8905	2361
1	18	7700	2351
1	18	7606	2335
1	17	8125	2321
1	17	8126	2327
1	17	8125	2324
1	17	8000	2314
1	17	8000	2307
1	16	8910	2364
1	17	8000	2311
1	18	7806	2336
1	17	8000	2309
1	18	7806	2341
1	17	8126	2331
1	17	8000	2313
1	17	8125	2320
1	18	7806	2349
1	18	7806	2342
1	17	8125	2317
1	17	8000	2305
1	17	8125	2323
1	17	8126	2326
1	17	8000	2306
1	18	8906	2358
1	17	8125	2319
1	18	7806	2348
1	18	8906	2359
1	18	8906	2360
1	17	8000	2310
1	18	7806	2340
1	18	7606	2334
1	18	7805	2347
1	17	8000	2308
1	17	8000	2312
1	17	8125	2316
1	17	8125	2315
1	17	8126	2322
1	17	8126	2330
1	17	8126	2318
1	17	8126	2325
1	18	7805	2339
1	18	7606	2332
1	18	7805	2346
1	17	8000	2303
1	18	7805	2344
1	18	7606	2333
1	17	8125	2302
1	17	8126	2298
1	17	8126	2296
1	18	7805	2338
1	17	8126	2300
1	17	8210	2291
1	17	8210	2294
1	18	8906	2226
1	17	8210	2297
1	17	8210	2295
1	18	7805	2345
1	17	8210	2293
1	18	7805	2337
1	17	8210	2301
1	17	8210	2292
1	17	8210	2299
1	18	8906	2218
1	17	8210	2275
1	17	8000	2304
1	17	8210	2288
1	17	8210	2290
1	17	8210	2286
1	17	8210	2284
1	17	8210	2282
1	17	8210	2280
1	17	8210	2278
1	17	8210	2276
1	17	8210	2289
1	17	8210	2287
1	18	7805	2225
1	17	8210	2285
1	18	7805	2230
1	17	8210	2283
1	17	8210	2281
1	17	8210	2279
1	17	8210	2277
1	17	8210	2264
1	18	7805	2238
1	18	7805	2246
1	18	7805	2247
1	17	8220	2268
1	17	8210	2266
1	17	8220	2270
1	17	8220	2272
1	17	8210	2262
1	17	8220	2273
1	18	7905	2234
1	17	8220	2274
1	17	8210	2263
1	17	8210	2265
1	17	8220	2267
1	17	8220	2269
1	17	8220	2271
1	18	7805	2220
1	18	7805	2245
1	17	8220	2261
1	17	8220	2260
1	17	8220	2258
1	18	7805	2223
1	18	7905	2237
1	18	7805	2229
1	18	7905	2244
1	17	8220	2256
1	18	7805	2224
1	18	7905	2243
1	17	8220	2257
1	17	8220	2259
1	18	7905	2233
1	17	8220	2255
1	18	7905	2236
1	17	8220	2253
1	18	8925	2216
1	17	8220	2251
1	17	8220	2250
1	18	7905	2242
1	18	7606	2248
1	17	8220	2254
1	18	7905	2241
1	18	7905	2228
1	18	7905	2232
1	17	8220	2252
1	18	7905	2222
1	18	8925	2215
1	18	7905	2235
1	18	7905	2231
1	18	7905	2227
1	18	7606	2249
1	18	7905	2221
1	18	7905	2240
1	18	7805	2219
1	18	7905	2239
1	18	8937	2183
1	18	7606	2202
1	18	8405	2211
1	18	8405	2206
1	18	8310	2201
1	18	7905	2212
1	18	8937	2180
1	18	8405	2207
1	18	8405	2209
1	18	8310	2194
1	18	8925	2217
1	18	8405	2205
1	18	8937	2181
1	18	8310	2189
1	18	8937	2179
1	18	8310	2200
1	18	8310	2193
1	18	8310	2188
1	18	8310	2187
1	18	8405	2204
1	18	8310	2197
1	18	8310	2199
1	18	8310	2196
1	18	8925	2213
1	18	8937	2182
1	18	8310	2192
1	18	8405	2210
1	18	8405	2208
1	18	8310	2191
1	18	8937	2185
1	18	8405	2203
1	18	8937	2175
1	18	8937	2184
1	18	8310	2195
1	18	8310	2186
1	18	8310	2198
1	18	8310	2190
1	18	8925	2214
1	18	8310	2161
1	18	8405	2157
1	18	8310	2170
1	18	8310	2163
1	18	8310	2164
1	18	8925	2154
1	18	8310	2160
1	18	8937	2173
1	18	8405	2156
1	18	8310	2159
1	18	8937	2172
1	18	8310	2162
1	18	8925	2153
1	18	8310	2169
1	18	8405	2155
1	18	8310	2167
1	18	8937	2178
1	18	8937	2176
1	18	8320	2158
1	18	8926	2151
1	18	8320	2168
1	18	8320	2166
1	18	8937	2177
1	18	8937	2174
1	18	8937	2171
1	18	8320	2165
1	18	8926	2152
1	18	8406	2149
1	18	8320	2148
1	18	8936	2143
1	18	8320	2146
1	18	8406	2150
1	18	8936	2142
1	18	8936	2138
1	18	8936	2140
1	18	8320	2147
1	18	8936	2139
1	18	8320	2145
1	18	8936	2144
1	18	8936	2137
1	18	8936	2141
1	18	8500	2120
1	18	8926	2114
1	18	8500	2128
1	18	8500	2123
1	18	8936	2134
1	18	8926	2109
1	18	8500	2129
1	18	8936	2136
1	18	8500	2126
1	18	8500	2127
1	18	8500	2119
1	18	8500	2122
1	18	8926	2110
1	18	8936	2131
1	18	8936	2130
1	18	8936	2133
1	18	8500	2125
1	18	8500	2116
1	18	8936	2135
1	18	8936	2132
1	18	8500	2121
1	18	8926	2113
1	18	8927	2124
1	18	8500	2118
1	18	8500	2115
1	18	8500	2117
1	18	8935	2104
1	18	8927	2106
1	18	8936	2101
1	18	8926	2112
1	18	8926	2111
1	18	8935	2102
1	18	8935	2103
1	18	8927	2105
1	18	8935	2100
1	18	8935	2097
1	18	8935	2099
1	18	8935	2095
1	18	8935	2094
1	18	8927	2107
1	18	8935	2096
1	18	8935	2098
1	18	8926	2108
1	18	8927	2093
1	18	8935	2089
1	18	8935	2091
1	18	8935	2092
1	18	8935	2090
