"faz_id"	"city_id"
5546	3
3705	4
6410	5
4210	6
3426	7
3900	8
6113	9
6010	9
3130	2
3600	7
3600	10
5815	9
5916	9
5825	9
5925	9
3825	11
3905	8
4005	6
4130	6
4130	12
4005	8
3706	1
3505	3
5915	9
3825	8
5915	8
3505	10
3505	7
4110	8
4110	12
3200	3
5020	13
5515	14
6124	9
6114	9
6226	9
5720	9
3030	2
5425	15
3427	16
4900	13
6900	17
3200	2
3046	18
6900	3
4400	19
5715	9
3705	8
3905	4
4210	12
3320	16
3045	20
6123	9
5826	9
4607	21
6215	9
3120	2
6213	9
4300	22
5306	14
3815	23
4120	12
6224	9
4605	22
3010	20
3414	7
6325	9
4607	24
6420	5
3030	25
5535	26
3415	7
3825	23
6605	27
4605	21
6930	3
7316	26
5535	28
3200	17
6900	140
6900	29
706	29
706	140
5305	14
3310	3
6910	3
3427	3
3425	3
3816	11
4225	3
3413	6
3413	3
3330	3
6316	9
5716	9
5715	11
5426	15
6605	3
5426	3
6506	3
6505	3
6020	9
5546	30
6606	3
7435	30
7435	3
3110	31
3705	23
5415	15
3427	7
6326	9
5545	14
6115	9
6506	32
3415	6
6420	33
3706	23
5600	30
5545	34
5205	13
6126	9
3310	35
4506	13
3600	8
4210	3
4225	36
6505	37
4607	3
6216	9
5426	38
4706	3
3110	39
5525	14
3600	40
4820	13
3706	4
3706	18
5010	13
5100	41
5525	30
3425	2
4230	3
3020	20
6223	9
3705	18
4606	21
6225	9
3330	42
5415	13
5020	15
6125	9
3415	12
4226	43
4225	22
4810	13
3426	2
5600	28
3110	2
3600	4
4605	44
806	29
3415	3
4210	43
4300	3
5425	34
4225	13
4505	13
3310	45
3320	46
3310	46
3905	9
6506	37
4120	6
3045	18
3320	3
3816	9
3310	42
5525	28
5100	47
5100	48
4226	13
4706	15
8910	49
5545	3
5100	50
4810	51
3320	42
6214	9
3816	23
3416	12
6910	52
3413	7
3046	1
3416	6
2910	29
2100	53
4230	6
2100	20
3413	10
5425	14
3030	141
4606	3
5915	6
4005	9
4607	44
5426	34
6420	26
3030	46
4226	12
6606	55
2910	3
4005	12
3200	29
6910	32
4230	12
5515	26
3045	7
5415	34
5545	30
4110	6
3030	20
3046	7
3330	46
5425	13
4225	43
3130	3
3120	3
5305	46
3413	56
4506	22
3505	2
4607	22
3030	57
5545	15
1200	141
6900	35
4225	44
6910	37
5100	14
6410	9
3320	56
5305	13
4820	14
4606	24
2000	20
1200	54
2000	53
5815	11
5100	13
3413	46
4225	58
5535	14
3825	9
2100	59
3416	3
3330	22
4820	50
3310	7
3320	7
4706	38
4226	3
5716	11
3120	60
3815	1
806	2
900	2
1200	20
4120	43
3030	39
3120	39
900	39
3030	31
1200	46
3200	46
3505	25
1200	39
3030	3
4607	46
3030	61
7315	33
7315	26
4005	62
5915	62
806	3
5715	23
6420	9
3130	60
5305	47
9004	63
9016	63
2216	63
2940	63
9002	64
9004	65
9004	64
9005	63
9005	66
9004	67
9016	67
9002	67
9004	66
9005	65
9016	64
9015	63
9002	63
9916	68
9006	63
9904	68
9904	66
9904	65
9916	66
9900	65
9900	66
9915	66
9902	66
9017	63
9902	65
9901	63
9901	65
9901	66
9914	69
9015	67
9009	63
9018	63
9909	63
9909	70
9018	70
9009	70
9908	63
9916	63
9006	70
9009	68
9915	63
9915	68
9017	70
9913	69
9019	63
9019	71
9011	63
9019	72
9011	72
9011	71
9909	72
9020	63
9020	73
9019	69
2940	29
2936	29
2935	29
120	74
120	29
2935	75
2935	76
2215	29
2936	76
2216	77
2216	29
2216	53
2225	29
2225	53
2225	77
2925	29
2925	53
2925	78
2935	78
135	79
206	79
205	79
315	79
120	79
120	53
2935	53
2935	74
2935	79
110	79
110	75
1710	59
1720	59
1605	59
1506	80
1506	59
1505	80
1505	59
1505	81
1410	59
1505	53
205	53
1410	53
205	59
1420	59
136	79
136	59
205	80
1410	79
1505	79
136	53
1506	53
136	74
1506	74
2215	77
1606	59
2215	53
1606	82
9016	29
2927	29
505	53
405	53
505	29
2926	29
2926	53
1000	29
605	53
605	29
325	53
325	29
325	59
315	53
325	79
606	53
405	75
2000	83
1900	59
2000	59
1900	83
1820	59
1810	59
1320	59
1330	59
1330	83
1330	29
1310	59
1000	59
1115	29
1000	53
1900	53
2927	84
2927	53
506	29
506	53
705	29
1120	29
1120	85
1120	53
1115	85
1115	53
606	85
705	86
1200	87
900	88
900	138
900	53
900	142
3110	53
900	87
2000	54
1200	53
1200	83
1200	88
1130	83
1130	53
1130	85
1116	53
1116	85
1130	88
1120	88
3010	54
805	29
805	89
706	89
805	53
806	89
806	53
705	89
705	53
706	90
806	138
3120	29
806	88
705	88
900	29
2910	91
706	91
2910	53
706	92
706	53
705	90
706	93
2910	93
1605	81
2926	75
1310	53
120	75
1605	80
7205	94
8125	95
7206	94
7315	96
7100	97
7015	98
8906	49
8905	49
7026	98
7525	99
7335	100
7100	101
7025	98
7315	102
7335	103
7515	94
7315	94
7515	102
7320	104
7205	102
7535	102
7320	103
7320	105
7316	105
7525	102
7320	139
7316	139
7315	101
7315	97
7315	105
8320	106
7535	107
7537	108
7525	108
7335	104
8115	109
7535	109
7340	109
8126	95
8925	49
8926	49
8406	49
8310	106
8210	95
8600	110
8905	110
7537	95
8500	111
7425	105
8500	49
7806	49
7605	49
7205	98
8936	49
7606	49
7436	49
8937	49
7700	112
7805	113
7805	49
8115	95
8935	49
8910	114
7015	115
7905	113
8926	116
8910	117
8220	95
7415	139
7015	118
7100	119
8000	120
8405	121
7425	49
8000	95
7805	122
8927	49
8600	49
7335	95
7425	100
8935	123
8500	124
7340	95
7435	49
8600	125
7806	126
7526	120
7425	127
7905	49
8910	128
7905	122
8405	49
7415	49
7806	112
7526	108
8905	125
7606	109
7606	95
7805	126
7805	112
7100	98
8936	106
8936	121
8925	129
8405	106
7335	109
8935	130
7606	106
8910	131
8320	111
7015	101
7435	132
7415	105
7320	100
7026	102
7525	94
7026	94
7205	99
7026	99
7700	49
7537	120
7525	120
7206	101
7605	109
7905	106
7436	132
6410	98
8925	133
7537	134
8910	135
7425	103
7340	127
7340	100
7100	96
8406	111
8910	95
7015	136
7415	132
7535	103
8126	49
7605	95
7700	126
7605	126
7340	49
8906	112
8905	95
8220	49
8925	112
8925	95
8320	49
8320	121
7606	121
8936	123
8406	124
8926	137
